0
1
2
248
250
251
253
254
255
3
4
5
6
7
10
245
246
247
249
252
8
9
11
12
13
16
242
243
244
14
15
239
240
241
17
18
19
20
21
235
236
237
238
24
225
226
227
228
23
230
231
232
233
25
26
28
29
30
31
32
222
224
229
27
221
223
33
34
35
220
36
37
219
22
234
214
42
38
218
215
41
39
217
216
40
43
213
195
61
212
44
60
196
197
59
58
198
199
200
210
46
56
57
45
211
207
209
49
53
203
47
202
54
55
201
208
48
206
50
52
51
205
204
62
194
193
63
64
192
65
191
66
190
67
189
68
188
69
187
70
186
72
184
75
181
78
185
71
178
76
79
180
177
74
182
73
77
80
183
179
176
81
175
82
174
83
173
87
84
169
172
88
85
168
171
86
170
89
167
90
166
91
165
92
164
98
97
96
160
158
159
95
161
94
162
99
93
157
163
100
156
101
155
102
154
103
153
104
152
106
105
150
151
107
149
108
148
109
110
147
146
111
112
145
144
116
113
115
143
140
141
114
142
117
120
136
139
119
118
137
138
121
135
122
134
123
133
124
132
126
125
130
131
127
129
128
