0
1
2
251
252
253
254
255
3
4
5
6
10
11
245
246
247
248
249
250
7
8
9
12
243
244
13
14
15
16
17
18
237
239
240
241
242
19
20
236
238
21
235
24
225
226
228
23
230
231
232
233
25
28
29
30
222
223
224
227
229
26
27
31
32
33
34
221
35
220
36
219
37
22
234
214
42
218
38
215
41
217
39
216
40
213
43
61
195
212
44
60
196
197
59
58
198
200
210
56
57
199
46
211
45
47
203
207
209
49
53
202
54
55
201
208
48
50
206
51
52
204
205
62
194
63
193
64
192
65
191
66
190
67
189
188
68
69
187
70
186
72
184
75
71
181
185
78
178
76
180
79
177
74
77
73
182
179
183
80
176
81
175
82
174
83
173
87
169
84
172
88
85
168
171
86
170
89
167
90
166
91
165
92
164
98
97
96
158
160
159
95
161
94
162
99
93
157
163
100
156
101
155
102
154
103
153
104
152
150
106
151
105
107
149
108
148
109
110
147
146
111
145
112
144
116
113
115
143
140
114
141
142
117
120
139
136
119
118
137
138
135
121
122
134
123
133
124
132
126
130
125
131
127
129
128
