0 130
1 140
2 140
3 140
4 140
5 140
6 140
7 140
8 150
9 150
10 150
11 160
12 160
13 160
14 170
15 170
16 160
17 180
18 180
19 180
20 180
21 180
22 360
23 200
24 190
25 200
26 200
27 210
28 200
29 200
30 200
31 200
32 200
33 220
34 220
35 220
36 230
37 330
38 690
39 910
40 970
41 890
42 650
43 1730
44 1920
45 2890
46 2780
47 3050
48 3100
49 3040
50 3210
51 3340
52 3330
53 3040
54 3060
55 3070
56 2780
57 2780
58 2540
59 2300
60 2060
61 1790
62 3530
63 5280
64 6650
65 7630
66 8290
67 8950
68 9530
69 10890
70 12100
71 12670
72 12350
73 12940
74 12910
75 12590
76 12720
77 12960
78 12630
79 12750
80 13020
81 13200
82 13520
83 14210
84 14620
85 14770
86 14950
87 14560
88 14750
89 15010
90 15160
91 15470
92 16070
93 16840
94 16760
95 16420
96 16250
97 16240
98 16190
99 16820
100 17130
101 17600
102 18300
103 19670
104 20240
105 21390
106 21350
107 21660
108 21750
109 22230
110 22320
111 23000
112 23100
113 23600
114 23710
115 23630
116 23570
117 23860
118 24010
119 24000
120 23940
121 24110
122 24550
123 24820
124 25060
125 25460
126 25380
127 25620
128 31930
129 25710
130 25460
131 25500
132 25110
133 24890
134 24580
135 24120
136 23950
137 24030
138 24040
139 23950
140 23640
141 23650
142 23760
143 23630
144 23150
145 23100
146 22430
147 22320
148 21840
149 21740
150 21430
151 21440
152 20280
153 19780
154 18360
155 17660
156 17220
157 16870
158 16330
159 16350
160 16300
161 16530
162 16800
163 16900
164 16130
165 15530
166 15190
167 15100
168 14850
169 14640
170 14970
171 14860
172 14710
173 14280
174 13580
175 13260
176 13090
177 12820
178 12720
179 13050
180 12790
181 12610
182 12920
183 13030
184 12390
185 12670
186 12150
187 10950
188 9600
189 9000
190 8330
191 7660
192 6680
193 5270
194 3540
195 1790
196 2070
197 2300
198 2570
199 2770
200 2780
201 3100
202 3060
203 3050
204 3360
205 3350
206 3200
207 3030
208 3100
209 3040
210 2780
211 2910
212 1920
213 1750
214 650
215 890
216 970
217 920
218 700
219 340
220 230
221 220
222 210
223 220
224 210
225 200
226 200
227 200
228 200
229 210
230 200
231 200
232 200
233 200
234 360
235 180
236 180
237 180
238 180
239 170
240 170
241 170
242 160
243 160
244 160
245 150
246 150
247 150
248 140
249 150
250 140
251 140
252 150
253 140
254 140
255 140
